1	0 
2	0 
3	0 
4	0 
5	0 
6	0 
7	0 
8	0 
9	0 
10	0 
11	0 
12	0 
13	0 
14	0 
15	0 
16	0 
17	0 
18	0 
19	0 
20	0 
21	0 
22	0 
23	0 
24	0 
25	0 
26	0 
27	0 
28	0 
29	0 
30	0 
31	0 
32	0 
33	0 
34	0 
35	0 
36	0 
37	0 
38	0 
39	0 
40	0 
41	0 
42	0 
43	0 
44	0 
45	0 
46	0 
47	0 
48	0 
49	0 
50	0 
51	0 
52	0 
53	0 
54	0 
55	0 
56	0 
57	0 
58	0 
59	0 
60	0 
61	0 
62	0 
63	0 
64	0 
65	0 
66	0 
67	0 
68	0 
69	0 
70	0 
71	0 
72	0 
73	0 
74	0 
75	0 
76	0 
77	0 
78	0 
79	0 
80	0 
81	0 
82	0 
83	0 
84	0 
85	0 
86	0 
87	0 
88	0 
89	0 
90	0 
91	0 
92	0 
93	0 
94	0 
95	0 
96	0 
97	0 
98	0 
99	0 
100	0 
101	0 
102	0 
103	0 
104	0 
105	0 
106	0 
107	-3 
108	-23 
109	-34 
110	-34 
111	-14 
112	-17 
113	-21 
114	-25 
115	-45 
116	-36 
117	-28 
118	-8 
119	12 
120	20 
121	40 
122	60 
123	68 
124	88 
125	108 
126	128 
127	117 
128	117 
129	125 
130	145 
131	165 
132	185 
133	205 
134	225 
135	245 
136	265 
137	285 
138	305 
139	325 
140	345 
141	365 
142	385 
143	405 
144	425 
145	445 
146	465 
147	485 
148	505 
149	525 
150	545 
151	565 
152	585 
153	605 
154	625 
155	645 
156	665 
157	685 
158	705 
159	725 
160	745 
161	765 
162	785 
163	805 
164	825 
165	845 
166	865 
167	885 
168	905 
169	925 
170	945 
171	965 
172	985 
173	1005 
174	1025 
175	1045 
176	1065 
177	1085 
178	1105 
179	1125 
180	1145 
181	1165 
182	1185 
183	1205 
184	1225 
185	1245 
186	1265 
187	1285 
188	1305 
189	1325 
190	1345 
191	1365 
192	1385 
193	1405 
194	1425 
195	1445 
196	1465 
197	1485 
198	1505 
199	1525 
200	1545 
201	1565 
202	1585 
203	1605 
204	1625 
205	1645 
206	1665 
207	1685 
208	1705 
209	1725 
210	1745 
211	1765 
212	1785 
213	1805 
214	1825 
215	1845 
216	1865 
217	1885 
218	1905 
219	1925 
220	1945 
221	1965 
222	1985 
223	2005 
224	2025 
225	2045 
226	2065 
227	2085 
228	2105 
229	2125 
230	2145 
231	2165 
232	2185 
233	2205 
234	2225 
235	2245 
236	2265 
237	2285 
238	2305 
239	2325 
240	2345 
241	2365 
242	2385 
243	2405 
244	2425 
245	2445 
246	2465 
247	2485 
248	2505 
249	2525 
250	2545 
251	2565 
252	2585 
253	2605 
254	2625 
255	2645 
256	2665 
257	2685 
258	2705 
259	2725 
260	2745 
261	2765 
262	2785 
263	2805 
264	2825 
265	2845 
266	2865 
267	2874 
268	2883 
269	2891 
270	2891 
271	2900 
272	2897 
273	2893 
274	2901 
275	2921 
276	2941 
277	2961 
278	2981 
279	2990 
280	2999 
281	3019 
282	2999 
283	2988 
284	2976 
285	2996 
286	3005 
287	3025 
288	3034 
289	3054 
290	3074 
291	3094 
292	3114 
293	3103 
294	3091 
295	3087 
296	3083 
297	3079 
298	3087 
299	3083 
300	3071 
301	3060 
302	3058 
303	3056 
304	3054 
305	3052 
306	3050 
307	3048 
308	3046 
309	3044 
310	3042 
311	3040 
312	3038 
313	3036 
314	3034 
315	3032 
316	3030 
317	3028 
318	3026 
319	3024 
320	3022 
321	3020 
322	3018 
323	3016 
324	3014 
325	3012 
326	3010 
327	3008 
328	3006 
329	3004 
330	3002 
331	3000 
332	2998 
333	2996 
334	2994 
335	2992 
336	2990 
337	2988 
338	2986 
339	2984 
340	2982 
341	2980 
342	2978 
343	2976 
344	2974 
345	2972 
346	2970 
347	2968 
348	2966 
349	2964 
350	2962 
351	2960 
352	2958 
353	2956 
354	2954 
355	2952 
356	2950 
357	2948 
358	2946 
359	2944 
360	2942 
361	2940 
362	2938 
363	2936 
364	2934 
365	2932 
366	2930 
367	2928 
368	2926 
369	2924 
370	2922 
371	2920 
372	2918 
373	2916 
374	2914 
375	2912 
376	2910 
377	2908 
378	2906 
379	2904 
380	2902 
381	2900 
382	2898 
383	2896 
384	2894 
385	2892 
386	2890 
387	2888 
388	2886 
389	2884 
390	2882 
391	2880 
392	2878 
393	2876 
394	2874 
395	2872 
396	2870 
397	2868 
398	2866 
399	2864 
400	2862 
401	2860 
402	2858 
403	2856 
404	2854 
405	2852 
406	2850 
407	2848 
408	2846 
409	2844 
410	2842 
411	2840 
412	2838 
413	2836 
414	2834 
415	2832 
416	2830 
417	2828 
418	2826 
419	2824 
420	2822 
421	2820 
422	2818 
423	2816 
424	2814 
425	2812 
426	2810 
427	2808 
428	2806 
429	2804 
430	2802 
431	2800 
432	2798 
433	2796 
434	2794 
435	2792 
436	2790 
437	2788 
438	2786 
439	2784 
440	2782 
441	2780 
442	2778 
443	2776 
444	2774 
445	2772 
446	2770 
447	2768 
448	2766 
449	2764 
450	2762 
451	2760 
452	2758 
453	2756 
454	2754 
455	2752 
456	2750 
457	2748 
458	2746 
459	2744 
460	2742 
461	2740 
462	2738 
463	2736 
464	2734 
465	2732 
466	2730 
467	2728 
468	2726 
469	2724 
470	2722 
471	2720 
472	2718 
473	2716 
474	2714 
475	2712 
476	2710 
477	2708 
478	2706 
479	2704 
480	2702 
481	2700 
482	2698 
483	2696 
484	2694 
485	2692 
486	2690 
487	2688 
488	2686 
489	2684 
490	2682 
491	2680 
492	2678 
493	2676 
494	2674 
495	2672 
496	2670 
497	2668 
498	2666 
499	2664 
500	2662 
501	2660 
502	2658 
503	2656 
504	2654 
505	2652 
506	2650 
507	2648 
508	2646 
509	2644 
510	2642 
511	2640 
512	2638 
513	2636 
514	2634 
515	2632 
516	2630 
517	2628 
518	2626 
519	2624 
520	2622 
521	2620 
522	2618 
523	2616 
524	2614 
525	2612 
526	2610 
527	2608 
528	2606 
529	2604 
530	2602 
531	2600 
532	2598 
533	2596 
534	2594 
535	2592 
536	2590 
537	2588 
538	2586 
539	2584 
540	2582 
541	2580 
542	2578 
543	2576 
544	2574 
545	2572 
546	2570 
547	2568 
548	2566 
549	2564 
550	2562 
551	2560 
552	2558 
553	2556 
554	2554 
555	2552 
556	2550 
557	2548 
558	2546 
559	2544 
560	2542 
561	2540 
562	2538 
563	2536 
564	2534 
565	2532 
566	2530 
567	2528 
568	2526 
569	2524 
570	2522 
571	2520 
572	2518 
573	2516 
574	2514 
575	2512 
576	2510 
577	2508 
578	2506 
579	2504 
580	2502 
581	2500 
582	2498 
583	2496 
584	2494 
585	2492 
586	2490 
587	2488 
588	2486 
589	2484 
590	2482 
591	2480 
592	2478 
593	2476 
594	2474 
595	2472 
596	2470 
597	2468 
598	2466 
599	2486 
600	2486 
601	2506 
602	2503 
603	2503 
604	2523 
605	2543 
606	2551 
607	2559 
608	2579 
609	2588 
610	2608 
611	2608 
612	2616 
613	2612 
614	2608 
615	2604 
616	2613 
617	2633 
618	2631 
619	2619 
620	2639 
621	2659 
622	2668 
623	2668 
624	2648 
625	2668 
626	2656 
627	2645 
628	2642 
629	2622 
630	2630 
631	2650 
632	2670 
633	2658 
634	2638 
635	2638 
636	2658 
637	2678 
638	2698 
639	2718 
640	2738 
641	2758 
642	2778 
643	2798 
644	2818 
645	2838 
646	2858 
647	2878 
648	2898 
649	2918 
650	2938 
651	2958 
652	2978 
653	2998 
654	3018 
655	3038 
656	3058 
657	3078 
658	3098 
659	3118 
660	3138 
661	3158 
662	3178 
663	3198 
664	3218 
665	3238 
666	3258 
667	3278 
668	3298 
669	3318 
670	3338 
671	3358 
672	3378 
673	3398 
674	3418 
675	3438 
676	3458 
677	3478 
678	3498 
679	3518 
680	3538 
681	3558 
682	3578 
683	3598 
684	3618 
685	3638 
686	3658 
687	3678 
688	3698 
689	3718 
690	3738 
691	3758 
692	3778 
693	3798 
694	3818 
695	3838 
696	3858 
697	3878 
698	3898 
699	3918 
700	3938 
701	3958 
702	3978 
703	3998 
704	4018 
705	4038 
706	4058 
707	4078 
708	4098 
709	4098 
710	4087 
711	4096 
712	4104 
713	4113 
714	4133 
715	4142 
716	4142 
717	4162 
718	4171 
719	4180 
720	4200 
721	4198 
722	4187 
723	4187 
724	4196 
725	4204 
726	4224 
727	4244 
728	4264 
729	4284 
730	4304 
731	4324 
732	4344 
733	4364 
734	4384 
735	4393 
736	4413 
737	4433 
738	4453 
739	4473 
740	4493 
741	4513 
742	4533 
743	4553 
744	4573 
745	4593 
746	4613 
747	4633 
748	4653 
749	4673 
750	4693 
751	4713 
752	4733 
753	4753 
754	4773 
755	4793 
756	4813 
757	4833 
758	4853 
759	4873 
760	4893 
761	4913 
762	4933 
763	4953 
764	4973 
765	4993 
766	5013 
767	5033 
768	5053 
769	5073 
770	5093 
771	5113 
772	5133 
773	5153 
774	5173 
775	5193 
776	5213 
777	5233 
778	5253 
779	5273 
780	5293 
781	5313 
782	5333 
783	5353 
784	5373 
785	5393 
786	5413 
787	5433 
788	5453 
789	5473 
790	5493 
791	5513 
792	5533 
793	5553 
794	5573 
795	5593 
796	5613 
797	5633 
798	5653 
799	5673 
800	5693 
801	5713 
802	5733 
803	5753 
804	5773 
805	5793 
806	5813 
807	5833 
808	5853 
809	5873 
810	5893 
811	5913 
812	5933 
813	5953 
814	5973 
815	5993 
816	6013 
817	6033 
818	6053 
819	6073 
820	6093 
821	6113 
822	6133 
823	6153 
824	6173 
825	6193 
826	6213 
827	6233 
828	6253 
829	6273 
830	6293 
831	6313 
832	6333 
833	6353 
834	6373 
835	6393 
836	6413 
837	6433 
838	6453 
839	6473 
840	6493 
841	6513 
842	6533 
843	6553 
844	6573 
845	6593 
846	6613 
847	6633 
848	6653 
849	6673 
850	6693 
851	6713 
852	6733 
853	6753 
854	6773 
855	6793 
856	6813 
857	6833 
858	6853 
859	6873 
860	6893 
861	6913 
862	6933 
863	6953 
864	6973 
865	6993 
866	7013 
867	7033 
868	7053 
869	7073 
870	7093 
871	7113 
872	7133 
873	7153 
874	7173 
875	7193 
876	7213 
877	7233 
878	7253 
879	7273 
880	7293 
881	7313 
882	7333 
883	7353 
884	7373 
885	7393 
886	7413 
887	7433 
888	7453 
889	7473 
890	7493 
891	7513 
892	7533 
893	7553 
894	7573 
895	7593 
896	7613 
897	7633 
898	7653 
899	7673 
900	7693 
901	7713 
902	7733 
903	7753 
904	7773 
905	7793 
906	7813 
907	7833 
908	7853 
909	7873 
910	7893 
911	7913 
912	7933 
913	7953 
914	7973 
915	7993 
916	8013 
917	8033 
918	8053 
919	8073 
920	8093 
921	8113 
922	8133 
923	8153 
924	8173 
925	8193 
926	8213 
927	8233 
928	8253 
929	8273 
930	8293 
931	8313 
932	8333 
933	8353 
934	8373 
935	8393 
936	8413 
937	8433 
938	8453 
939	8473 
940	8493 
941	8513 
942	8533 
943	8533 
944	8553 
945	8573 
946	8593 
947	8602 
948	8622 
949	8642 
950	8662 
951	8682 
952	8702 
953	8722 
954	8742 
955	8762 
956	8782 
957	8802 
958	8822 
959	8842 
960	8862 
961	8882 
962	8902 
963	8922 
964	8942 
965	8962 
966	8982 
967	9002 
968	9022 
969	9042 
970	9062 
971	9082 
972	9102 
973	9122 
974	9142 
975	9162 
976	9182 
977	9202 
978	9222 
979	9242 
980	9262 
981	9282 
982	9302 
983	9322 
984	9342 
985	9362 
986	9382 
987	9402 
988	9422 
989	9442 
990	9462 
991	9482 
992	9502 
993	9522 
994	9542 
995	9562 
996	9582 
997	9602 
998	9622 
999	9642 
1000	9662 
1001	9682 
1002	9702 
1003	9722 
1004	9742 
1005	9762 
1006	9782 
1007	9802 
1008	9822 
1009	9842 
1010	9862 
1011	9882 
1012	9902 
1013	9922 
1014	9942 
1015	9962 
1016	9982 
1017	10002 
1018	10022 
1019	10042 
1020	10062 
1021	10082 
1022	10102 
1023	10122 
1024	10142 
1025	10162 
1026	10182 
1027	10202 
1028	10222 
1029	10242 
1030	10262 
1031	10282 
1032	10302 
1033	10322 
1034	10342 
1035	10362 
1036	10382 
1037	10402 
1038	10422 
1039	10442 
1040	10462 
1041	10482 
1042	10502 
1043	10522 
1044	10542 
1045	10562 
1046	10582 
1047	10602 
1048	10622 
1049	10642 
1050	10662 
1051	10682 
1052	10702 
1053	10722 
1054	10742 
1055	10762 
1056	10782 
1057	10802 
1058	10822 
1059	10842 
1060	10862 
1061	10882 
1062	10902 
1063	10922 
1064	10942 
1065	10962 
1066	10982 
1067	11002 
1068	11022 
1069	11042 
1070	11062 
1071	11082 
1072	11102 
1073	11122 
1074	11142 
1075	11162 
1076	11182 
1077	11202 
1078	11222 
1079	11242 
1080	11262 
1081	11282 
1082	11302 
1083	11322 
1084	11342 
1085	11362 
1086	11382 
1087	11402 
1088	11422 
1089	11442 
1090	11462 
1091	11482 
1092	11502 
1093	11522 
1094	11542 
1095	11562 
1096	11582 
1097	11602 
1098	11622 
1099	11642 
1100	11662 
1101	11682 
1102	11702 
1103	11722 
1104	11742 
1105	11762 
1106	11782 
1107	11802 
1108	11822 
1109	11842 
1110	11862 
1111	11882 
1112	11902 
1113	11922 
1114	11942 
1115	11962 
1116	11982 
1117	12002 
1118	12022 
1119	12042 
1120	12062 
1121	12082 
1122	12102 
1123	12122 
1124	12142 
1125	12162 
1126	12182 
1127	12202 
1128	12222 
1129	12242 
1130	12262 
1131	12282 
1132	12302 
1133	12322 
1134	12342 
1135	12362 
1136	12382 
1137	12402 
1138	12422 
1139	12442 
1140	12462 
1141	12482 
1142	12502 
1143	12522 
1144	12542 
1145	12562 
1146	12582 
1147	12602 
1148	12622 
1149	12642 
1150	12662 
1151	12682 
1152	12702 
1153	12722 
1154	12742 
1155	12762 
1156	12782 
1157	12802 
1158	12822 
1159	12842 
1160	12839 
1161	12835 
1162	12831 
1163	12840 
1164	12829 
1165	12838 
1166	12847 
1167	12856 
1168	12856 
1169	12864 
1170	12873 
1171	12893 
1172	12902 
1173	12922 
1174	12922 
1175	12931 
1176	12920 
1177	12929 
1178	12949 
1179	12969 
1180	12989 
1181	13009 
1182	13029 
1183	13049 
1184	13069 
1185	13089 
1186	13086 
1187	13106 
1188	13126 
1189	13146 
1190	13166 
1191	13186 
1192	13195 
1193	13195 
1194	13215 
1195	13235 
1196	13255 
1197	13275 
1198	13295 
1199	13315 
1200	13335 
1201	13355 
1202	13375 
1203	13395 
1204	13415 
1205	13435 
1206	13455 
1207	13475 
1208	13495 
1209	13515 
1210	13535 
1211	13555 
1212	13575 
1213	13595 
1214	13615 
1215	13635 
1216	13655 
1217	13675 
1218	13695 
1219	13715 
1220	13735 
1221	13755 
1222	13775 
1223	13795 
1224	13815 
1225	13835 
1226	13855 
1227	13875 
1228	13895 
1229	13915 
1230	13935 
1231	13955 
1232	13975 
1233	13995 
1234	14015 
1235	14035 
1236	14055 
1237	14075 
1238	14095 
1239	14115 
1240	14135 
1241	14155 
1242	14175 
1243	14195 
1244	14215 
1245	14235 
1246	14255 
1247	14275 
1248	14295 
1249	14315 
1250	14335 
1251	14355 
1252	14375 
1253	14395 
1254	14415 
1255	14435 
1256	14455 
1257	14475 
1258	14495 
1259	14515 
1260	14535 
1261	14555 
1262	14575 
1263	14595 
1264	14615 
1265	14635 
1266	14655 
1267	14675 
1268	14695 
1269	14715 
1270	14735 
1271	14755 
1272	14775 
1273	14795 
1274	14815 
1275	14835 
1276	14855 
1277	14875 
1278	14895 
1279	14915 
1280	14935 
1281	14955 
1282	14975 
1283	14995 
1284	15015 
1285	15035 
1286	15055 
1287	15075 
1288	15095 
1289	15115 
1290	15135 
1291	15155 
1292	15175 
1293	15195 
1294	15215 
1295	15235 
1296	15255 
1297	15275 
1298	15295 
1299	15315 
1300	15335 
1301	15355 
1302	15375 
1303	15395 
1304	15415 
1305	15435 
1306	15455 
1307	15475 
1308	15495 
1309	15515 
1310	15535 
1311	15555 
1312	15575 
1313	15595 
1314	15615 
1315	15635 
1316	15655 
1317	15675 
1318	15695 
1319	15715 
1320	15735 
1321	15755 
1322	15775 
1323	15795 
1324	15815 
1325	15835 
1326	15855 
1327	15875 
1328	15895 
1329	15915 
1330	15935 
1331	15955 
1332	15975 
1333	15995 
1334	16015 
1335	16035 
1336	16055 
1337	16075 
1338	16095 
1339	16115 
1340	16135 
1341	16155 
1342	16175 
1343	16195 
1344	16215 
1345	16235 
1346	16255 
1347	16275 
1348	16295 
1349	16315 
1350	16335 
1351	16355 
1352	16375 
1353	16395 
1354	16415 
1355	16435 
1356	16455 
1357	16475 
1358	16495 
1359	16515 
1360	16535 
1361	16555 
1362	16575 
1363	16595 
1364	16615 
1365	16635 
1366	16655 
1367	16675 
1368	16695 
1369	16715 
1370	16735 
1371	16755 
1372	16775 
1373	16795 
1374	16815 
1375	16835 
1376	16855 
1377	16875 
1378	16895 
1379	16915 
1380	16935 
1381	16955 
1382	16975 
1383	16995 
1384	17015 
1385	17035 
1386	17055 
1387	17075 
1388	17095 
1389	17115 
1390	17135 
1391	17155 
1392	17175 
1393	17195 
1394	17215 
1395	17235 
1396	17255 
1397	17275 
1398	17295 
1399	17315 
1400	17335 
1401	17355 
1402	17375 
1403	17395 
1404	17415 
1405	17435 
1406	17455 
1407	17475 
1408	17495 
1409	17515 
1410	17535 
1411	17555 
1412	17575 
1413	17595 
1414	17615 
1415	17635 
1416	17655 
1417	17675 
1418	17695 
1419	17715 
1420	17735 
1421	17755 
1422	17775 
1423	17795 
1424	17815 
1425	17835 
1426	17855 
1427	17875 
1428	17895 
1429	17915 
1430	17935 
1431	17955 
1432	17975 
1433	17995 
1434	18015 
1435	18035 
1436	18055 
1437	18075 
1438	18095 
1439	18115 
1440	18135 
1441	18155 
1442	18175 
1443	18195 
1444	18215 
1445	18235 
1446	18255 
1447	18275 
1448	18295 
1449	18315 
1450	18335 
1451	18355 
1452	18375 
1453	18395 
1454	18415 
1455	18435 
1456	18455 
1457	18475 
1458	18495 
1459	18515 
1460	18535 
1461	18555 
1462	18575 
1463	18573 
1464	18593 
1465	18573 
1466	18561 
1467	18549 
1468	18569 
1469	18567 
1470	18576 
1471	18596 
1472	18605 
1473	18613 
1474	18613 
1475	18621 
1476	18629 
1477	18625 
1478	18634 
1479	18643 
1480	18663 
1481	18683 
1482	18691 
1483	18711 
1484	18731 
1485	18751 
1486	18771 
1487	18751 
1488	18760 
1489	18769 
1490	18789 
1491	18798 
1492	18807 
1493	18827 
1494	18847 
1495	18867 
1496	18887 
1497	18907 
1498	18927 
1499	18947 
1500	18967 
1501	18987 
1502	19007 
1503	19027 
1504	19047 
1505	19067 
1506	19087 
1507	19107 
1508	19127 
1509	19147 
1510	19167 
1511	19187 
1512	19207 
1513	19227 
1514	19247 
1515	19267 
1516	19287 
1517	19307 
1518	19327 
1519	19347 
1520	19367 
1521	19387 
1522	19407 
1523	19427 
1524	19447 
1525	19467 
1526	19487 
1527	19507 
1528	19527 
1529	19547 
1530	19567 
1531	19587 
1532	19607 
1533	19627 
1534	19647 
1535	19667 
1536	19687 
1537	19707 
1538	19727 
1539	19747 
1540	19767 
1541	19787 
1542	19807 
1543	19827 
1544	19847 
1545	19867 
1546	19887 
1547	19907 
1548	19927 
1549	19947 
1550	19967 
1551	19987 
1552	20007 
1553	20027 
1554	20047 
1555	20067 
1556	20087 
1557	20107 
1558	20127 
1559	20147 
1560	20167 
1561	20187 
1562	20207 
1563	20227 
1564	20247 
1565	20267 
1566	20287 
1567	20307 
1568	20327 
1569	20347 
1570	20367 
1571	20387 
1572	20407 
1573	20427 
1574	20447 
1575	20467 
1576	20487 
1577	20507 
1578	20527 
1579	20547 
1580	20567 
1581	20587 
1582	20607 
1583	20627 
1584	20647 
1585	20667 
1586	20687 
1587	20707 
1588	20727 
1589	20747 
1590	20767 
1591	20787 
1592	20807 
1593	20827 
1594	20847 
1595	20867 
1596	20887 
1597	20907 
1598	20927 
1599	20947 
1600	20967 
1601	20987 
1602	21007 
1603	21027 
1604	21047 
1605	21067 
1606	21087 
1607	21107 
1608	21127 
1609	21147 
1610	21167 
1611	21187 
1612	21207 
1613	21227 
1614	21247 
1615	21267 
1616	21287 
1617	21307 
1618	21327 
1619	21347 
1620	21367 
1621	21387 
1622	21407 
1623	21427 
1624	21447 
1625	21467 
1626	21487 
1627	21507 
1628	21527 
1629	21547 
1630	21567 
1631	21587 
1632	21607 
1633	21627 
1634	21647 
1635	21667 
1636	21687 
1637	21707 
1638	21727 
1639	21747 
1640	21767 
1641	21787 
1642	21807 
1643	21827 
1644	21847 
1645	21867 
1646	21887 
1647	21907 
1648	21927 
1649	21947 
1650	21967 
1651	21987 
1652	22007 
1653	22027 
1654	22047 
1655	22067 
1656	22087 
1657	22107 
1658	22127 
1659	22147 
1660	22167 
1661	22187 
1662	22207 
1663	22227 
1664	22247 
1665	22267 
1666	22287 
1667	22307 
1668	22327 
1669	22347 
1670	22367 
1671	22387 
1672	22407 
1673	22427 
1674	22447 
1675	22467 
1676	22487 
1677	22507 
1678	22527 
1679	22547 
1680	22567 
1681	22587 
1682	22607 
1683	22627 
1684	22647 
1685	22667 
1686	22687 
1687	22707 
1688	22727 
1689	22747 
1690	22767 
1691	22787 
1692	22807 
1693	22827 
1694	22847 
1695	22867 
1696	22887 
1697	22907 
1698	22927 
1699	22947 
1700	22967 
1701	22987 
1702	23007 
1703	23027 
1704	23047 
1705	23067 
1706	23087 
1707	23107 
1708	23127 
1709	23147 
1710	23167 
1711	23187 
1712	23207 
1713	23227 
1714	23247 
1715	23267 
1716	23287 
1717	23307 
1718	23327 
1719	23347 
1720	23367 
1721	23387 
1722	23407 
1723	23427 
1724	23447 
1725	23467 
1726	23487 
1727	23507 
1728	23527 
1729	23547 
1730	23567 
1731	23587 
1732	23607 
1733	23627 
1734	23647 
1735	23667 
1736	23687 
1737	23707 
1738	23727 
1739	23747 
1740	23767 
1741	23787 
1742	23807 
1743	23827 
1744	23847 
1745	23867 
1746	23887 
1747	23907 
1748	23927 
1749	23947 
1750	23967 
1751	23987 
1752	24007 
1753	24027 
1754	24047 
1755	24067 
1756	24087 
1757	24107 
1758	24127 
1759	24147 
1760	24167 
1761	24187 
1762	24207 
1763	24227 
1764	24247 
1765	24267 
1766	24287 
1767	24307 
1768	24327 
1769	24347 
1770	24367 
1771	24387 
1772	24407 
1773	24427 
1774	24447 
1775	24467 
1776	24487 
1777	24507 
1778	24527 
1779	24547 
1780	24567 
1781	24576 
1782	24596 
1783	24604 
1784	24601 
1785	24610 
1786	24630 
1787	24650 
1788	24670 
1789	24658 
1790	24654 
1791	24650 
1792	24647 
1793	24667 
1794	24655 
1795	24652 
1796	24649 
1797	24669 
1798	24689 
1799	24709 
1800	24729 
1801	24749 
1802	24749 
1803	24757 
1804	24765 
1805	24761 
1806	24757 
1807	24757 
1808	24777 
1809	24797 
1810	24794 
1811	24814 
1812	24834 
1813	24854 
1814	24874 
1815	24894 
1816	24903 
1817	24903 
1818	24912 
1819	24932 
1820	24952 
1821	24972 
1822	24992 
1823	25012 
1824	25032 
1825	25052 
1826	25072 
1827	25092 
1828	25112 
1829	25132 
1830	25152 
1831	25172 
1832	25192 
1833	25212 
1834	25232 
1835	25252 
1836	25272 
1837	25292 
1838	25312 
1839	25332 
1840	25352 
1841	25372 
1842	25392 
1843	25412 
1844	25432 
1845	25452 
1846	25472 
1847	25492 
1848	25512 
1849	25532 
1850	25552 
1851	25572 
1852	25592 
1853	25612 
1854	25632 
1855	25652 
1856	25672 
1857	25692 
1858	25712 
1859	25732 
1860	25752 
1861	25772 
1862	25792 
1863	25812 
1864	25832 
1865	25852 
1866	25872 
1867	25892 
1868	25912 
1869	25932 
1870	25952 
1871	25972 
1872	25992 
1873	26012 
1874	26032 
1875	26052 
1876	26072 
1877	26092 
1878	26112 
1879	26132 
1880	26152 
1881	26172 
1882	26192 
1883	26212 
1884	26232 
1885	26252 
1886	26272 
1887	26292 
1888	26312 
1889	26332 
1890	26352 
1891	26372 
1892	26392 
1893	26412 
1894	26432 
1895	26452 
1896	26432 
1897	26430 
1898	26427 
1899	26447 
1900	26447 
1901	26435 
1902	26455 
1903	26443 
1904	26423 
1905	26403 
1906	26392 
1907	26392 
1908	26381 
1909	26381 
1910	26390 
1911	26370 
1912	26370 
1913	26390 
1914	26398 
1915	26387 
1916	26387 
1917	26407 
1918	26407 
1919	26427 
1920	26447 
1921	26467 
1922	26487 
1923	26507 
1924	26527 
1925	26547 
1926	26567 
1927	26587 
1928	26607 
1929	26627 
1930	26647 
1931	26667 
1932	26687 
1933	26707 
1934	26727 
1935	26747 
1936	26767 
1937	26787 
1938	26807 
1939	26827 
1940	26847 
1941	26867 
1942	26887 
1943	26907 
1944	26927 
1945	26947 
1946	26967 
1947	26987 
1948	27007 
1949	27027 
1950	27047 
1951	27067 
1952	27087 
1953	27107 
1954	27127 
1955	27147 
1956	27167 
1957	27187 
1958	27207 
1959	27227 
1960	27247 
1961	27267 
1962	27287 
1963	27307 
1964	27327 
1965	27347 
1966	27367 
1967	27387 
1968	27407 
1969	27427 
1970	27447 
1971	27467 
1972	27487 
1973	27507 
1974	27527 
1975	27547 
1976	27567 
1977	27587 
1978	27607 
1979	27627 
1980	27647 
1981	27667 
1982	27687 
1983	27707 
1984	27727 
1985	27747 
1986	27767 
1987	27787 
1988	27807 
1989	27827 
1990	27847 
1991	27867 
1992	27887 
1993	27907 
1994	27927 
1995	27947 
1996	27967 
1997	27987 
1998	28007 
1999	28027 
2000	28047 
2001	28067 
2002	28087 
2003	28107 
2004	28127 
2005	28147 
2006	28167 
2007	28187 
2008	28207 
2009	28227 
2010	28247 
2011	28267 
2012	28287 
2013	28307 
2014	28327 
2015	28347 
2016	28367 
2017	28387 
2018	28407 
2019	28427 
2020	28447 
2021	28467 
2022	28487 
2023	28507 
2024	28527 
2025	28547 
2026	28567 
2027	28587 
2028	28607 
2029	28627 
2030	28647 
2031	28667 
2032	28687 
2033	28707 
2034	28727 
2035	28747 
2036	28767 
2037	28787 
2038	28807 
2039	28827 
2040	28847 
2041	28867 
2042	28887 
2043	28907 
2044	28927 
2045	28947 
2046	28967 
2047	28987 
2048	29007 
2049	29027 
2050	29047 
2051	29067 
2052	29087 
2053	29107 
2054	29127 
2055	29147 
2056	29167 
2057	29187 
2058	29207 
2059	29227 
2060	29247 
2061	29267 
2062	29287 
2063	29307 
2064	29327 
2065	29347 
2066	29367 
2067	29387 
2068	29407 
2069	29427 
2070	29447 
2071	29467 
2072	29487 
2073	29507 
2074	29527 
2075	29547 
2076	29567 
2077	29587 
2078	29607 
2079	29627 
2080	29647 
2081	29667 
2082	29687 
2083	29707 
2084	29727 
2085	29747 
2086	29767 
2087	29787 
2088	29807 
2089	29827 
2090	29847 
2091	29867 
2092	29887 
2093	29907 
2094	29927 
2095	29947 
2096	29967 
2097	29987 
2098	30007 
2099	30027 
2100	30047 
2101	30067 
2102	30087 
2103	30107 
2104	30127 
2105	30147 
2106	30167 
2107	30187 
2108	30207 
2109	30227 
2110	30247 
2111	30267 
2112	30287 
2113	30307 
2114	30327 
2115	30347 
2116	30367 
2117	30387 
2118	30407 
2119	30427 
2120	30447 
2121	30467 
2122	30487 
2123	30507 
2124	30527 
2125	30535 
2126	30531 
2127	30540 
2128	30560 
2129	30580 
2130	30577 
2131	30575 
2132	30563 
2133	30561 
2134	30569 
2135	30589 
2136	30609 
2137	30629 
2138	30649 
2139	30638 
2140	30634 
2141	30654 
2142	30674 
2143	30694 
2144	30714 
2145	30734 
2146	30754 
2147	30774 
2148	30794 
2149	30814 
2150	30834 
2151	30854 
2152	30874 
2153	30894 
2154	30914 
2155	30934 
2156	30954 
2157	30974 
2158	30994 
2159	31014 
2160	31014 
2161	31034 
2162	31054 
2163	31074 
2164	31094 
2165	31114 
2166	31134 
2167	31154 
2168	31174 
2169	31194 
2170	31214 
2171	31234 
2172	31254 
2173	31274 
2174	31294 
2175	31314 
2176	31334 
2177	31354 
2178	31374 
2179	31394 
2180	31414 
2181	31434 
2182	31454 
2183	31474 
2184	31494 
2185	31514 
2186	31534 
2187	31554 
2188	31574 
2189	31594 
2190	31614 
2191	31634 
2192	31654 
2193	31674 
2194	31694 
2195	31714 
2196	31734 
2197	31754 
2198	31774 
2199	31794 
2200	31814 
2201	31834 
2202	31854 
2203	31874 
2204	31894 
2205	31914 
2206	31934 
2207	31954 
2208	31974 
2209	31994 
2210	32014 
2211	32034 
2212	32054 
2213	32074 
2214	32094 
2215	32114 
2216	32134 
2217	32154 
2218	32174 
2219	32194 
2220	32214 
2221	32234 
2222	32254 
2223	32274 
2224	32294 
2225	32314 
2226	32334 
2227	32354 
2228	32374 
2229	32394 
2230	32414 
2231	32434 
2232	32454 
2233	32474 
2234	32494 
2235	32514 
2236	32534 
2237	32554 
2238	32574 
2239	32594 
2240	32614 
2241	32634 
2242	32654 
2243	32674 
2244	32694 
2245	32714 
2246	32734 
2247	32754 
2248	32774 
2249	32794 
2250	32814 
2251	32834 
2252	32854 
2253	32874 
2254	32894 
2255	32914 
2256	32934 
2257	32954 
2258	32974 
2259	32994 
2260	33014 
2261	33034 
2262	33054 
2263	33074 
2264	33094 
2265	33114 
2266	33134 
2267	33154 
2268	33174 
2269	33194 
2270	33214 
2271	33234 
2272	33254 
2273	33274 
2274	33294 
2275	33314 
2276	33334 
2277	33354 
2278	33374 
2279	33394 
2280	33414 
2281	33434 
2282	33454 
2283	33474 
2284	33494 
2285	33514 
2286	33534 
2287	33554 
2288	33574 
2289	33594 
2290	33614 
2291	33634 
2292	33654 
2293	33674 
2294	33694 
2295	33714 
2296	33734 
2297	33754 
2298	33774 
2299	33794 
2300	33814 
2301	33834 
2302	33854 
2303	33874 
2304	33894 
2305	33914 
2306	33934 
2307	33954 
2308	33974 
2309	33994 
2310	34014 
2311	34034 
2312	34054 
2313	34074 
2314	34094 
2315	34114 
2316	34134 
2317	34154 
2318	34174 
2319	34194 
2320	34214 
2321	34234 
2322	34254 
2323	34274 
2324	34294 
2325	34314 
2326	34334 
2327	34354 
2328	34374 
2329	34394 
2330	34414 
2331	34434 
2332	34454 
2333	34474 
2334	34494 
2335	34514 
2336	34534 
2337	34554 
2338	34574 
2339	34594 
2340	34614 
2341	34634 
2342	34654 
2343	34674 
2344	34694 
2345	34714 
2346	34734 
2347	34754 
2348	34774 
2349	34783 
2350	34781 
2351	34801 
2352	34821 
2353	34821 
2354	34821 
2355	34818 
2356	34827 
2357	34847 
2358	34836 
2359	34856 
2360	34876 
2361	34864 
2362	34872 
2363	34868 
2364	34868 
2365	34877 
2366	34897 
2367	34917 
2368	34917 
2369	34937 
2370	34957 
2371	34977 
2372	34997 
2373	35017 
2374	35037 
2375	35057 
2376	35077 
2377	35077 
2378	35057 
2379	35037 
2380	35057 
2381	35077 
2382	35097 
2383	35117 
2384	35137 
2385	35157 
2386	35177 
2387	35197 
2388	35217 
2389	35237 
2390	35257 
2391	35277 
2392	35297 
2393	35317 
2394	35337 
2395	35357 
2396	35377 
2397	35397 
2398	35417 
2399	35437 
2400	35457 
2401	35477 
2402	35497 
2403	35517 
2404	35537 
2405	35557 
2406	35577 
2407	35597 
2408	35617 
2409	35637 
2410	35657 
2411	35677 
2412	35697 
2413	35717 
2414	35737 
2415	35757 
2416	35777 
2417	35797 
2418	35817 
2419	35837 
2420	35857 
2421	35877 
2422	35897 
2423	35917 
2424	35937 
2425	35957 
2426	35977 
2427	35997 
2428	36017 
2429	36037 
2430	36057 
2431	36077 
2432	36097 
2433	36117 
2434	36137 
2435	36157 
2436	36177 
2437	36197 
2438	36217 
2439	36237 
2440	36257 
2441	36277 
2442	36297 
2443	36317 
2444	36337 
2445	36357 
2446	36377 
2447	36397 
2448	36417 
2449	36437 
2450	36457 
2451	36477 
2452	36497 
2453	36517 
2454	36537 
2455	36557 
2456	36577 
2457	36597 
2458	36617 
2459	36637 
2460	36657 
2461	36677 
2462	36697 
2463	36717 
2464	36737 
2465	36757 
2466	36777 
2467	36797 
2468	36817 
2469	36837 
2470	36857 
2471	36877 
2472	36897 
2473	36917 
2474	36937 
2475	36957 
2476	36977 
2477	36997 
2478	37017 
2479	37037 
2480	37057 
2481	37077 
2482	37097 
2483	37117 
2484	37137 
2485	37157 
2486	37177 
2487	37197 
2488	37217 
2489	37237 
2490	37257 
2491	37277 
2492	37297 
2493	37317 
2494	37337 
2495	37357 
2496	37377 
2497	37397 
2498	37417 
2499	37437 
2500	37457 
2501	37477 
2502	37497 
2503	37517 
2504	37537 
2505	37557 
2506	37577 
2507	37597 
2508	37617 
2509	37637 
2510	37657 
2511	37677 
2512	37697 
2513	37717 
2514	37737 
2515	37757 
2516	37777 
2517	37797 
2518	37817 
2519	37837 
2520	37857 
2521	37877 
2522	37897 
2523	37917 
2524	37937 
2525	37957 
2526	37977 
2527	37997 
2528	38017 
2529	38037 
2530	38057 
2531	38077 
2532	38097 
2533	38117 
2534	38137 
2535	38157 
2536	38177 
2537	38197 
2538	38217 
2539	38237 
2540	38257 
2541	38277 
2542	38297 
2543	38317 
2544	38337 
2545	38357 
2546	38377 
2547	38397 
2548	38417 
2549	38437 
2550	38457 
2551	38477 
2552	38497 
2553	38517 
2554	38537 
2555	38557 
2556	38577 
2557	38597 
2558	38617 
2559	38637 
2560	38657 
2561	38677 
2562	38697 
2563	38717 
2564	38737 
2565	38757 
2566	38777 
2567	38797 
2568	38817 
2569	38837 
2570	38857 
2571	38877 
2572	38897 
2573	38917 
2574	38937 
2575	38957 
2576	38977 
2577	38997 
2578	39017 
2579	39037 
2580	39057 
2581	39077 
2582	39097 
2583	39117 
2584	39137 
2585	39157 
2586	39177 
2587	39197 
2588	39217 
2589	39237 
2590	39257 
2591	39277 
2592	39297 
2593	39317 
2594	39337 
2595	39357 
2596	39377 
2597	39397 
2598	39417 
2599	39437 
2600	39457 
2601	39477 
2602	39497 
2603	39517 
2604	39537 
2605	39557 
2606	39577 
2607	39597 
2608	39617 
2609	39637 
2610	39657 
2611	39677 
2612	39697 
2613	39717 
2614	39737 
2615	39757 
2616	39777 
2617	39797 
2618	39817 
2619	39837 
2620	39857 
2621	39877 
2622	39897 
2623	39917 
2624	39937 
2625	39957 
2626	39977 
2627	39997 
2628	40017 
2629	40037 
2630	40057 
2631	40077 
2632	40097 
2633	40117 
2634	40137 
2635	40157 
2636	40177 
2637	40197 
2638	40217 
2639	40237 
2640	40257 
2641	40277 
2642	40297 
2643	40317 
2644	40337 
2645	40357 
2646	40377 
2647	40397 
2648	40397 
2649	40405 
2650	40401 
2651	40397 
2652	40405 
2653	40393 
2654	40389 
2655	40397 
2656	40393 
2657	40413 
2658	40433 
2659	40453 
2660	40461 
2661	40470 
2662	40467 
2663	40487 
2664	40507 
2665	40515 
2666	40511 
2667	40511 
2668	40499 
2669	40519 
2670	40539 
2671	40559 
2672	40568 
2673	40568 
2674	40588 
2675	40608 
2676	40628 
2677	40637 
2678	40657 
2679	40677 
2680	40697 
2681	40685 
2682	40682 
2683	40671 
2684	40680 
2685	40700 
2686	40720 
2687	40740 
2688	40760 
2689	40780 
2690	40800 
2691	40820 
2692	40840 
2693	40860 
2694	40880 
2695	40900 
2696	40920 
2697	40940 
2698	40960 
2699	40980 
2700	41000 
2701	41020 
2702	41040 
2703	41060 
2704	41080 
2705	41100 
2706	41120 
2707	41140 
2708	41160 
2709	41180 
2710	41200 
2711	41220 
2712	41240 
2713	41260 
2714	41280 
2715	41300 
2716	41320 
2717	41340 
2718	41360 
2719	41380 
2720	41400 
2721	41420 
2722	41440 
2723	41460 
2724	41480 
2725	41500 
2726	41520 
2727	41540 
2728	41560 
2729	41580 
2730	41600 
2731	41620 
2732	41640 
2733	41660 
2734	41680 
2735	41700 
2736	41720 
2737	41740 
2738	41760 
2739	41780 
2740	41800 
2741	41820 
2742	41840 
2743	41860 
2744	41880 
2745	41900 
2746	41920 
2747	41940 
2748	41960 
2749	41980 
2750	42000 
2751	42020 
2752	42040 
2753	42060 
2754	42080 
2755	42100 
2756	42120 
2757	42140 
2758	42160 
2759	42180 
2760	42200 
2761	42220 
2762	42240 
2763	42260 
2764	42280 
2765	42300 
2766	42320 
2767	42340 
2768	42360 
2769	42380 
2770	42400 
2771	42420 
2772	42440 
2773	42460 
2774	42480 
2775	42500 
2776	42520 
2777	42540 
2778	42560 
2779	42580 
2780	42600 
2781	42620 
2782	42640 
2783	42660 
2784	42680 
2785	42700 
2786	42720 
2787	42740 
2788	42760 
2789	42780 
2790	42800 
2791	42820 
2792	42840 
2793	42860 
2794	42880 
2795	42900 
2796	42920 
2797	42940 
2798	42960 
2799	42980 
2800	43000 
2801	43020 
2802	43040 
2803	43060 
2804	43080 
2805	43100 
2806	43120 
2807	43140 
2808	43160 
2809	43180 
2810	43200 
2811	43220 
2812	43240 
2813	43260 
2814	43280 
2815	43300 
2816	43320 
2817	43340 
2818	43360 
2819	43380 
2820	43400 
2821	43420 
2822	43440 
2823	43460 
2824	43480 
2825	43500 
2826	43520 
2827	43540 
2828	43560 
2829	43580 
2830	43600 
2831	43620 
2832	43640 
2833	43660 
2834	43680 
2835	43700 
2836	43720 
2837	43740 
2838	43760 
2839	43780 
2840	43800 
2841	43820 
2842	43840 
2843	43860 
2844	43880 
2845	43900 
2846	43920 
2847	43940 
2848	43960 
2849	43980 
2850	44000 
2851	44020 
2852	44040 
2853	44060 
2854	44080 
2855	44100 
2856	44120 
2857	44140 
2858	44160 
2859	44180 
2860	44200 
2861	44220 
2862	44240 
2863	44260 
2864	44280 
2865	44300 
2866	44320 
2867	44340 
2868	44360 
2869	44380 
2870	44400 
2871	44420 
2872	44440 
2873	44460 
2874	44480 
2875	44500 
2876	44520 
2877	44540 
2878	44560 
2879	44580 
2880	44600 
2881	44620 
2882	44640 
2883	44660 
2884	44680 
2885	44700 
2886	44720 
2887	44740 
2888	44760 
2889	44780 
2890	44800 
2891	44820 
2892	44840 
2893	44860 
2894	44880 
2895	44900 
2896	44920 
2897	44940 
2898	44960 
2899	44980 
2900	45000 
2901	45020 
2902	45040 
2903	45060 
2904	45080 
2905	45100 
2906	45120 
2907	45140 
2908	45160 
2909	45180 
2910	45200 
2911	45220 
2912	45240 
2913	45260 
2914	45280 
2915	45300 
2916	45320 
2917	45340 
2918	45360 
2919	45380 
2920	45400 
2921	45420 
2922	45440 
2923	45460 
2924	45480 
2925	45500 
2926	45520 
2927	45540 
2928	45560 
2929	45580 
2930	45600 
2931	45620 
2932	45640 
2933	45660 
2934	45680 
2935	45700 
2936	45720 
2937	45740 
2938	45760 
2939	45780 
2940	45800 
2941	45820 
2942	45840 
2943	45860 
2944	45880 
2945	45900 
2946	45920 
2947	45940 
2948	45960 
2949	45980 
2950	46000 
2951	46020 
2952	46040 
2953	46060 
2954	46080 
2955	46100 
2956	46120 
2957	46140 
2958	46160 
2959	46180 
2960	46200 
2961	46220 
2962	46240 
2963	46260 
2964	46280 
2965	46300 
2966	46320 
2967	46340 
2968	46360 
2969	46380 
2970	46389 
2971	46387 
2972	46395 
2973	46415 
2974	46412 
2975	46421 
2976	46429 
2977	46425 
2978	46421 
2979	46429 
2980	46429 
2981	46438 
2982	46458 
2983	46478 
2984	46486 
2985	46482 
2986	46478 
2987	46487 
2988	46507 
2989	46507 
2990	46507 
2991	46527 
2992	46547 
2993	46567 
2994	46587 
2995	46607 
2996	46604 
2997	46612 
2998	46632 
2999	46652 
3000	46672 
3001	46672 
3002	46692 
3003	46712 
3004	46732 
3005	46752 
3006	46772 
3007	46792 
3008	46812 
3009	46832 
3010	46852 
3011	46872 
3012	46892 
3013	46912 
3014	46932 
3015	46952 
3016	46972 
3017	46992 
3018	47012 
3019	47032 
3020	47052 
3021	47072 
3022	47092 
3023	47112 
3024	47132 
3025	47152 
3026	47172 
3027	47192 
3028	47212 
3029	47232 
3030	47252 
3031	47272 
3032	47292 
3033	47312 
3034	47332 
3035	47352 
3036	47372 
3037	47392 
3038	47412 
3039	47432 
3040	47452 
3041	47472 
3042	47492 
3043	47512 
3044	47532 
3045	47552 
3046	47572 
3047	47592 
3048	47612 
3049	47632 
3050	47652 
3051	47672 
3052	47692 
3053	47712 
3054	47732 
3055	47752 
3056	47772 
3057	47792 
3058	47812 
3059	47832 
3060	47852 
3061	47872 
3062	47892 
3063	47912 
3064	47932 
3065	47952 
3066	47972 
3067	47992 
3068	48012 
3069	48032 
3070	48052 
3071	48072 
3072	48092 
3073	48112 
3074	48132 
3075	48152 
3076	48172 
3077	48192 
3078	48212 
3079	48232 
3080	48252 
3081	48272 
3082	48292 
3083	48312 
3084	48320 
3085	48340 
3086	48360 
3087	48380 
3088	48400 
3089	48398 
3090	48406 
3091	48406 
3092	48414 
3093	48434 
3094	48454 
3095	48454 
3096	48454 
3097	48474 
3098	48494 
3099	48514 
3100	48534 
3101	48554 
3102	48574 
3103	48594 
3104	48614 
3105	48634 
3106	48654 
3107	48674 
3108	48694 
3109	48714 
3110	48734 
3111	48754 
3112	48774 
3113	48794 
3114	48814 
3115	48834 
3116	48854 
3117	48874 
3118	48894 
3119	48914 
3120	48934 
3121	48954 
3122	48974 
3123	48994 
3124	49014 
3125	49034 
3126	49054 
3127	49074 
3128	49094 
3129	49114 
3130	49134 
3131	49154 
3132	49174 
3133	49194 
3134	49214 
3135	49234 
3136	49254 
3137	49274 
3138	49294 
3139	49314 
3140	49334 
3141	49354 
3142	49374 
3143	49394 
3144	49414 
3145	49434 
3146	49454 
3147	49474 
3148	49494 
3149	49514 
3150	49534 
3151	49554 
3152	49574 
3153	49594 
3154	49614 
3155	49634 
3156	49654 
3157	49674 
3158	49694 
3159	49714 
3160	49734 
3161	49754 
3162	49774 
3163	49794 
3164	49814 
3165	49834 
3166	49854 
3167	49874 
3168	49894 
3169	49914 
3170	49934 
3171	49954 
3172	49974 
3173	49994 
3174	50014 
3175	50034 
3176	50054 
3177	50074 
3178	50094 
3179	50114 
3180	50134 
3181	50154 
3182	50174 
3183	50194 
3184	50214 
3185	50234 
3186	50254 
3187	50274 
3188	50294 
3189	50314 
3190	50334 
3191	50354 
3192	50374 
3193	50394 
3194	50414 
3195	50434 
3196	50454 
3197	50474 
3198	50494 
3199	50514 
3200	50534 
3201	50554 
3202	50574 
3203	50594 
3204	50614 
3205	50634 
3206	50654 
3207	50674 
3208	50694 
3209	50714 
3210	50734 
3211	50754 
3212	50774 
3213	50794 
3214	50814 
3215	50834 
3216	50854 
3217	50874 
3218	50894 
3219	50914 
3220	50934 
3221	50954 
3222	50974 
3223	50994 
3224	51014 
3225	51034 
3226	51054 
3227	51074 
3228	51094 
3229	51114 
3230	51134 
3231	51154 
3232	51174 
3233	51194 
3234	51214 
3235	51234 
3236	51254 
3237	51274 
3238	51294 
3239	51314 
3240	51334 
3241	51354 
3242	51374 
3243	51394 
3244	51414 
3245	51434 
3246	51454 
3247	51474 
3248	51494 
3249	51514 
3250	51534 
3251	51554 
3252	51574 
3253	51594 
3254	51614 
3255	51634 
3256	51654 
3257	51674 
3258	51694 
3259	51714 
3260	51734 
3261	51754 
3262	51774 
3263	51794 
3264	51814 
3265	51834 
3266	51854 
3267	51874 
3268	51894 
3269	51914 
3270	51934 
3271	51954 
3272	51974 
3273	51994 
3274	52014 
3275	52034 
3276	52054 
3277	52074 
3278	52094 
3279	52114 
3280	52134 
3281	52154 
3282	52174 
3283	52194 
3284	52214 
3285	52234 
3286	52254 
3287	52274 
3288	52294 
3289	52314 
3290	52334 
3291	52354 
3292	52374 
3293	52394 
3294	52414 
3295	52434 
3296	52454 
3297	52474 
3298	52494 
3299	52514 
3300	52534 
3301	52554 
3302	52574 
3303	52594 
3304	52614 
3305	52634 
3306	52654 
3307	52634 
3308	52634 
3309	52643 
3310	52663 
3311	52683 
3312	52703 
3313	52723 
3314	52743 
3315	52752 
3316	52750 
3317	52758 
3318	52758 
3319	52778 
3320	52798 
3321	52818 
3322	52838 
3323	52858 
3324	52878 
3325	52898 
3326	52918 
3327	52938 
3328	52958 
3329	52978 
3330	52998 
3331	53018 
3332	53038 
3333	53058 
3334	53078 
3335	53098 
3336	53118 
3337	53138 
3338	53158 
3339	53178 
3340	53198 
3341	53218 
3342	53238 
3343	53258 
3344	53278 
3345	53298 
3346	53318 
3347	53338 
3348	53358 
3349	53378 
3350	53398 
3351	53418 
3352	53438 
3353	53458 
3354	53478 
3355	53498 
3356	53518 
3357	53538 
3358	53558 
3359	53578 
3360	53598 
3361	53618 
3362	53638 
3363	53658 
3364	53678 
3365	53698 
3366	53718 
3367	53738 
3368	53758 
3369	53778 
3370	53798 
3371	53818 
3372	53838 
3373	53858 
3374	53878 
3375	53898 
3376	53918 
3377	53938 
3378	53958 
3379	53978 
3380	53998 
3381	54018 
3382	54038 
3383	54058 
3384	54078 
3385	54098 
3386	54118 
3387	54138 
3388	54158 
3389	54178 
3390	54198 
3391	54218 
3392	54238 
3393	54258 
3394	54278 
3395	54298 
3396	54318 
3397	54338 
3398	54358 
3399	54378 
3400	54398 
3401	54418 
3402	54438 
3403	54458 
3404	54478 
3405	54498 
3406	54518 
3407	54538 
3408	54558 
3409	54578 
3410	54598 
3411	54618 
3412	54638 
3413	54658 
3414	54678 
3415	54698 
3416	54718 
3417	54738 
3418	54758 
3419	54778 
3420	54798 
3421	54818 
3422	54838 
3423	54858 
3424	54878 
3425	54898 
3426	54918 
3427	54938 
3428	54958 
3429	54978 
3430	54998 
3431	55018 
3432	55038 
3433	55058 
3434	55078 
3435	55098 
3436	55118 
3437	55138 
3438	55158 
3439	55178 
3440	55198 
3441	55218 
3442	55238 
3443	55258 
3444	55278 
3445	55298 
3446	55318 
3447	55338 
3448	55358 
3449	55378 
3450	55398 
3451	55418 
3452	55438 
3453	55458 
3454	55478 
3455	55498 
3456	55518 
3457	55538 
3458	55558 
3459	55578 
3460	55598 
3461	55618 
3462	55638 
3463	55658 
3464	55678 
3465	55698 
3466	55718 
3467	55738 
3468	55758 
3469	55778 
3470	55798 
3471	55818 
3472	55838 
3473	55858 
3474	55878 
3475	55898 
3476	55918 
3477	55938 
3478	55958 
3479	55978 
3480	55998 
3481	56018 
3482	56038 
3483	56058 
3484	56078 
3485	56098 
3486	56118 
3487	56138 
3488	56158 
3489	56178 
3490	56198 
3491	56218 
3492	56238 
3493	56258 
3494	56278 
3495	56298 
3496	56318 
3497	56338 
3498	56358 
3499	56378 
3500	56398 
3501	56418 
3502	56438 
3503	56458 
3504	56478 
3505	56498 
3506	56518 
3507	56538 
3508	56558 
3509	56578 
3510	56598 
3511	56618 
3512	56638 
3513	56658 
3514	56678 
3515	56698 
3516	56718 
3517	56738 
3518	56758 
3519	56778 
3520	56798 
3521	56818 
3522	56838 
3523	56858 
3524	56878 
3525	56898 
3526	56918 
3527	56938 
3528	56958 
3529	56947 
3530	56956 
3531	56976 
3532	56964 
3533	56973 
3534	56953 
3535	56973 
3536	56982 
3537	56970 
3538	56979 
3539	56999 
3540	57019 
3541	57039 
3542	57036 
3543	57045 
3544	57045 
3545	57053 
3546	57053 
3547	57042 
3548	57051 
3549	57060 
3550	57080 
3551	57080 
3552	57068 
3553	57076 
3554	57096 
3555	57116 
3556	57124 
3557	57120 
3558	57116 
3559	57116 
3560	57136 
3561	57156 
3562	57176 
3563	57164 
3564	57173 
3565	57181 
3566	57201 
3567	57221 
3568	57241 
3569	57261 
3570	57281 
3571	57301 
3572	57321 
3573	57341 
3574	57361 
3575	57381 
3576	57401 
3577	57421 
3578	57441 
3579	57461 
3580	57481 
3581	57501 
3582	57521 
3583	57541 
3584	57561 
3585	57581 
3586	57601 
3587	57621 
3588	57641 
3589	57661 
3590	57681 
3591	57701 
3592	57721 
3593	57741 
3594	57761 
3595	57781 
3596	57801 
3597	57821 
3598	57841 
3599	57861 
3600	57881 
3601	57901 
3602	57921 
3603	57941 
3604	57961 
3605	57981 
3606	58001 
3607	58021 
3608	58041 
3609	58061 
3610	58081 
3611	58101 
3612	58121 
3613	58141 
3614	58161 
3615	58181 
3616	58201 
3617	58221 
3618	58241 
3619	58261 
3620	58281 
3621	58301 
3622	58321 
3623	58341 
3624	58361 
3625	58381 
3626	58401 
3627	58421 
3628	58441 
3629	58461 
3630	58481 
3631	58501 
3632	58521 
3633	58541 
3634	58561 
3635	58581 
3636	58601 
3637	58621 
3638	58641 
3639	58661 
3640	58681 
3641	58701 
3642	58721 
3643	58741 
3644	58761 
3645	58781 
3646	58801 
3647	58821 
3648	58841 
3649	58861 
3650	58881 
3651	58901 
3652	58921 
3653	58941 
3654	58961 
3655	58981 
3656	59001 
3657	59021 
3658	59041 
3659	59061 
3660	59081 
3661	59101 
3662	59121 
3663	59141 
3664	59161 
3665	59181 
3666	59201 
3667	59221 
3668	59241 
3669	59261 
3670	59281 
3671	59301 
3672	59321 
3673	59341 
3674	59361 
3675	59381 
3676	59401 
3677	59421 
3678	59441 
3679	59461 
3680	59481 
3681	59501 
3682	59521 
3683	59541 
3684	59561 
3685	59581 
3686	59601 
3687	59621 
3688	59641 
3689	59661 
3690	59681 
3691	59701 
3692	59721 
3693	59741 
3694	59761 
3695	59781 
3696	59801 
3697	59821 
3698	59841 
3699	59861 
3700	59881 
3701	59901 
3702	59921 
3703	59941 
3704	59961 
3705	59981 
3706	60001 
3707	60021 
3708	60041 
3709	60061 
3710	60081 
3711	60101 
3712	60121 
3713	60141 
3714	60161 
3715	60181 
3716	60201 
3717	60221 
3718	60241 
3719	60261 
3720	60281 
3721	60301 
3722	60321 
3723	60341 
3724	60361 
3725	60381 
3726	60401 
3727	60421 
3728	60441 
3729	60461 
3730	60481 
3731	60501 
3732	60521 
3733	60541 
3734	60561 
3735	60581 
3736	60601 
3737	60621 
3738	60641 
3739	60661 
3740	60681 
3741	60701 
3742	60721 
3743	60741 
3744	60761 
3745	60781 
3746	60801 
3747	60821 
3748	60841 
3749	60861 
3750	60881 
3751	60901 
3752	60921 
3753	60941 
3754	60961 
3755	60981 
3756	61001 
3757	61021 
3758	61041 
3759	61061 
3760	61081 
3761	61101 
3762	61121 
3763	61141 
3764	61161 
3765	61181 
3766	61201 
3767	61221 
3768	61241 
3769	61261 
3770	61281 
3771	61301 
3772	61321 
3773	61341 
3774	61361 
3775	61381 
3776	61401 
3777	61421 
3778	61441 
3779	61461 
3780	61481 
3781	61501 
3782	61521 
3783	61541 
3784	61561 
3785	61581 
3786	61601 
3787	61621 
3788	61641 
3789	61661 
3790	61681 
3791	61701 
3792	61721 
3793	61741 
3794	61761 
3795	61781 
3796	61801 
3797	61821 
3798	61841 
3799	61861 
3800	61881 
3801	61901 
3802	61921 
3803	61941 
3804	61961 
3805	61981 
3806	62001 
3807	62021 
3808	62041 
3809	62061 
3810	62081 
3811	62101 
3812	62121 
3813	62141 
3814	62161 
3815	62181 
3816	62201 
3817	62221 
3818	62241 
3819	62261 
3820	62281 
3821	62301 
3822	62321 
3823	62341 
3824	62361 
3825	62381 
3826	62401 
3827	62421 
3828	62441 
3829	62461 
3830	62481 
3831	62501 
3832	62521 
3833	62541 
3834	62561 
3835	62581 
3836	62601 
3837	62621 
3838	62641 
3839	62661 
3840	62681 
3841	62701 
3842	62721 
3843	62741 
3844	62730 
3845	62739 
3846	62759 
3847	62748 
3848	62768 
3849	62788 
3850	62797 
3851	62777 
3852	62786 
3853	62784 
3854	62804 
3855	62824 
3856	62821 
3857	62817 
3858	62814 
3859	62834 
3860	62854 
3861	62874 
3862	62894 
3863	62902 
3864	62922 
3865	62942 
3866	62962 
3867	62982 
3868	63002 
3869	63022 
3870	63019 
3871	63019 
3872	63007 
3873	63015 
3874	63035 
3875	63055 
3876	63075 
3877	63084 
3878	63104 
3879	63124 
3880	63144 
3881	63164 
3882	63184 
3883	63204 
3884	63224 
3885	63244 
3886	63264 
3887	63284 
3888	63304 
3889	63324 
3890	63344 
3891	63364 
3892	63384 
3893	63404 
3894	63424 
3895	63444 
3896	63464 
3897	63484 
3898	63504 
3899	63524 
3900	63544 
3901	63564 
3902	63584 
3903	63604 
3904	63624 
3905	63644 
3906	63664 
3907	63684 
3908	63704 
3909	63724 
3910	63744 
3911	63764 
3912	63784 
3913	63804 
3914	63824 
3915	63844 
3916	63864 
3917	63884 
3918	63904 
3919	63924 
3920	63944 
3921	63964 
3922	63984 
3923	64004 
3924	64024 
3925	64044 
3926	64064 
3927	64084 
3928	64104 
3929	64124 
3930	64144 
3931	64164 
3932	64184 
3933	64204 
3934	64224 
3935	64244 
3936	64264 
3937	64284 
3938	64304 
3939	64324 
3940	64344 
3941	64364 
3942	64384 
3943	64404 
3944	64424 
3945	64444 
3946	64464 
3947	64484 
3948	64504 
3949	64524 
3950	64544 
3951	64564 
3952	64584 
3953	64604 
3954	64624 
3955	64644 
3956	64664 
3957	64684 
3958	64704 
3959	64724 
3960	64744 
3961	64764 
3962	64784 
3963	64804 
3964	64824 
3965	64844 
3966	64864 
3967	64884 
3968	64904 
3969	64924 
3970	64944 
3971	64964 
3972	64984 
3973	65004 
3974	65024 
3975	65044 
3976	65064 
3977	65084 
3978	65104 
3979	65124 
3980	65144 
3981	65164 
3982	65184 
3983	65204 
3984	65224 
3985	65244 
3986	65264 
3987	65284 
3988	65304 
3989	65324 
3990	65344 
3991	65364 
3992	65384 
3993	65404 
3994	65424 
3995	65444 
3996	65464 
3997	65484 
3998	65504 
3999	65524 
4000	65544 
4001	65564 
4002	65584 
4003	65604 
4004	65624 
4005	65644 
4006	65664 
4007	65684 
4008	65704 
4009	65724 
4010	65744 
4011	65764 
4012	65784 
4013	65804 
4014	65824 
4015	65844 
4016	65864 
4017	65884 
4018	65904 
4019	65924 
4020	65944 
4021	65964 
4022	65984 
4023	66004 
4024	66024 
4025	66044 
4026	66064 
4027	66084 
4028	66104 
4029	66124 
4030	66144 
4031	66164 
4032	66184 
4033	66204 
4034	66224 
4035	66244 
4036	66264 
4037	66284 
4038	66304 
4039	66324 
4040	66344 
4041	66364 
4042	66384 
4043	66404 
4044	66424 
4045	66444 
4046	66464 
4047	66484 
4048	66504 
4049	66524 
4050	66544 
4051	66564 
4052	66584 
4053	66604 
4054	66624 
4055	66644 
4056	66664 
4057	66684 
4058	66704 
4059	66724 
4060	66744 
4061	66764 
4062	66784 
4063	66804 
4064	66824 
4065	66844 
4066	66864 
4067	66884 
4068	66904 
4069	66924 
4070	66944 
4071	66964 
4072	66984 
4073	67004 
4074	67024 
4075	67044 
4076	67064 
4077	67084 
4078	67104 
4079	67124 
4080	67144 
4081	67164 
4082	67184 
4083	67204 
4084	67224 
4085	67244 
4086	67264 
4087	67284 
4088	67304 
4089	67324 
4090	67344 
4091	67364 
4092	67384 
4093	67404 
4094	67424 
4095	67444 
4096	67464 
4097	67484 
4098	67504 
4099	67524 
4100	67544 
4101	67564 
4102	67584 
4103	67604 
4104	67624 
4105	67644 
4106	67664 
4107	67684 
4108	67704 
4109	67724 
4110	67744 
4111	67764 
4112	67784 
4113	67804 
4114	67824 
4115	67844 
4116	67864 
4117	67884 
4118	67904 
4119	67924 
4120	67944 
4121	67964 
4122	67984 
4123	68004 
4124	68024 
4125	68044 
4126	68064 
4127	68084 
4128	68104 
4129	68124 
4130	68144 
4131	68164 
4132	68184 
4133	68204 
4134	68224 
4135	68244 
4136	68264 
4137	68284 
4138	68304 
4139	68324 
4140	68344 
4141	68364 
4142	68384 
4143	68404 
4144	68424 
4145	68444 
4146	68464 
4147	68484 
4148	68484 
4149	68504 
4150	68504 
4151	68513 
4152	68501 
4153	68510 
4154	68498 
4155	68495 
4156	68515 
4157	68535 
4158	68555 
4159	68575 
4160	68571 
4161	68567 
4162	68563 
4163	68559 
4164	68579 
4165	68577 
4166	68575 
4167	68595 
4168	68604 
4169	68601 
4170	68621 
4171	68641 
4172	68661 
4173	68650 
4174	68639 
4175	68628 
4176	68628 
4177	68648 
4178	68657 
4179	68677 
4180	68697 
4181	68717 
4182	68717 
4183	68737 
4184	68757 
4185	68777 
4186	68797 
4187	68817 
4188	68837 
4189	68857 
4190	68877 
4191	68897 
4192	68917 
4193	68937 
4194	68957 
4195	68977 
4196	68997 
4197	69017 
4198	69037 
4199	69057 
4200	69077 
4201	69097 
4202	69117 
4203	69137 
4204	69157 
4205	69177 
4206	69197 
4207	69217 
4208	69237 
4209	69257 
4210	69277 
4211	69297 
4212	69317 
4213	69337 
4214	69357 
4215	69377 
4216	69397 
4217	69417 
4218	69437 
4219	69457 
4220	69477 
4221	69497 
4222	69517 
4223	69537 
4224	69557 
4225	69577 
4226	69597 
4227	69617 
4228	69637 
4229	69657 
4230	69677 
4231	69697 
4232	69717 
4233	69737 
4234	69757 
4235	69777 
4236	69797 
4237	69817 
4238	69837 
4239	69857 
4240	69877 
4241	69897 
4242	69917 
4243	69937 
4244	69957 
4245	69977 
4246	69997 
4247	70017 
4248	70037 
4249	70057 
4250	70077 
4251	70097 
4252	70117 
4253	70137 
4254	70157 
4255	70177 
4256	70197 
4257	70217 
4258	70237 
4259	70234 
4260	70242 
4261	70238 
4262	70247 
4263	70236 
4264	70245 
4265	70254 
4266	70274 
4267	70294 
4268	70314 
4269	70334 
4270	70331 
4271	70329 
4272	70327 
4273	70327 
4274	70347 
4275	70335 
4276	70355 
4277	70364 
4278	70361 
4279	70359 
4280	70379 
4281	70388 
4282	70388 
4283	70388 
4284	70408 
4285	70428 
4286	70448 
4287	70468 
4288	70488 
4289	70508 
4290	70528 
4291	70548 
4292	70557 
4293	70554 
4294	70550 
4295	70546 
4296	70542 
4297	70551 
4298	70571 
4299	70591 
4300	70611 
4301	70631 
4302	70651 
4303	70671 
4304	70691 
4305	70711 
4306	70731 
4307	70751 
4308	70771 
4309	70791 
4310	70811 
4311	70831 
4312	70851 
4313	70871 
4314	70891 
4315	70911 
4316	70931 
4317	70951 
4318	70971 
4319	70991 
4320	71011 
4321	71031 
4322	71051 
4323	71071 
4324	71091 
4325	71111 
4326	71131 
4327	71151 
4328	71171 
4329	71191 
4330	71211 
4331	71231 
4332	71251 
4333	71271 
4334	71291 
4335	71311 
4336	71331 
4337	71351 
4338	71371 
4339	71391 
4340	71411 
4341	71431 
4342	71451 
4343	71471 
4344	71491 
4345	71511 
4346	71531 
4347	71551 
4348	71571 
4349	71591 
4350	71611 
4351	71631 
4352	71651 
4353	71671 
4354	71691 
4355	71711 
4356	71731 
4357	71751 
4358	71771 
4359	71791 
4360	71811 
4361	71831 
4362	71851 
4363	71871 
4364	71891 
4365	71911 
4366	71931 
4367	71951 
4368	71971 
4369	71991 
4370	72011 
4371	72031 
4372	72051 
4373	72071 
4374	72091 
4375	72111 
4376	72131 
4377	72151 
4378	72171 
4379	72191 
4380	72211 
4381	72231 
4382	72251 
4383	72271 
4384	72291 
4385	72311 
4386	72331 
4387	72351 
4388	72371 
4389	72391 
4390	72411 
4391	72431 
4392	72451 
4393	72471 
4394	72491 
4395	72511 
4396	72531 
4397	72551 
4398	72571 
4399	72591 
4400	72611 
4401	72631 
4402	72651 
4403	72671 
4404	72691 
4405	72711 
4406	72731 
4407	72751 
4408	72771 
4409	72791 
4410	72811 
4411	72831 
4412	72851 
4413	72871 
4414	72891 
4415	72911 
4416	72931 
4417	72951 
4418	72971 
4419	72991 
4420	73011 
4421	73031 
4422	73051 
4423	73071 
4424	73091 
4425	73111 
4426	73131 
4427	73151 
4428	73171 
4429	73191 
4430	73211 
4431	73231 
4432	73251 
4433	73271 
4434	73291 
4435	73311 
4436	73331 
4437	73351 
4438	73371 
4439	73391 
4440	73411 
4441	73431 
4442	73451 
4443	73471 
4444	73491 
4445	73511 
4446	73531 
4447	73551 
4448	73571 
4449	73591 
4450	73611 
4451	73631 
4452	73651 
4453	73671 
4454	73691 
4455	73711 
4456	73731 
4457	73751 
4458	73771 
4459	73791 
4460	73811 
4461	73831 
4462	73851 
4463	73871 
4464	73891 
4465	73911 
4466	73931 
4467	73951 
4468	73971 
4469	73991 
4470	74011 
4471	74031 
4472	74051 
4473	74071 
4474	74091 
4475	74099 
4476	74095 
4477	74091 
4478	74099 
4479	74119 
4480	74108 
4481	74096 
4482	74092 
4483	74081 
